$ANSIBLE_VAULT;1.1;AES256
62643238363235326661623238363661366334653838313765326663656433646336396239313531
6463356330383930316538303734343832393535303739650a643662633735366537303763383761
39393933366330396336383830373966376238613962633835373330366438626332316137636431
6464303463343031360a353133613432643438343361306664316463623432363630303565326531
64633566646363623331626663343165326333636134366338653462643533396530303461363938
35613330306638626234343763303333323263396361626261383964636332653465333230646231
31663161333037396462306463323563363264353835306364363538616239363565643662613639
30333030623638613437303664663138363663363763303930656139313461353261353866666230
32326537653465633038393739383639633461363661306634653461386232656465666431306231
36343038343663346262386337306339666465383036643564353930316236663736633664346463
37336365353131663433643135313636343034393730316435653962316361636431396663343433
36643735333266346437376566373730323434383764363938363562363834343233323839353364
39316435393165333962346265353765353036653939353336393535343661346639646332323632
61663361353032313537366533646630326666316632626234653033636364353134663466346538
31313931383033653330316365656234353439306630343337346363623266616165653534366232
65613365636638643566663331616133356161383862383931616336333430313536646537363161
65323639333232646136333161373934363561353932626264626563656266363863633762383364
36643339326462313362643031363036326264633663626335363762623333343061343839663764
31623361356631316136346362353939326237626237396136366139313365303238323239366138
38396237306330363262353064383366663930663561383365396666636530326330326661366663
37626532643264343836376534356130303730613636663932323361613861306236353461616537
65633232336232363230373139646162313065383733386263323331353462653533636233363963
34336237666537613134396164396462663039313631613139646537663066383832643665653632
33353230316235663739313763653165633230616532663836633136633036663565313864666565
33623733336336363339326432393634356164306433383537633934306462343836666264313964
35656662386239346332336364653432326566343137666631363230393263653033613435666436
31656661633461613332343066373662353835386539303965343632356364633436316237636361
61396634313566353466316138626563346130656637656338383334363639353530336635363763
63316462383539623463376637386462393436353563666466656364356162623765643764663731
61333761653932616338393863383237353339303031343761376537623239316333363338386363
666533313436306461326432326130386637
