$ANSIBLE_VAULT;1.1;AES256
38663663386331323461313733666239326238653437663632653437353363306430323837303239
3765353365396363356565666265353739633934383765340a336537616363346636373630396466
66363039616436623634616635353766353333623338326361393162643863353362633338336566
3933306434633533320a643564363034353861663730646630343464303766333063666232353063
62633736363836306463633030323163383039353837356632363262376530623135643166366161
62636334336131373466386335343338396261643564316337346139643639613662336264666632
64613036653439303134383239623135376536643565346331326261326332303931383363326233
39386664353632336362343835363462393338363530663231653632326532643431343165373033
33613631356564373337306337616130346262386464636432373439353531646561313330383965
36356536656430313963393031323264663361353632663537313464373830383438646338366430
38323962323761313237353230346333663166353263646232633136356564313039326263333033
30663534666132623439313966626434613232333731643937613839303064393966346162643433
34333034643337356161383063343631356365633861626363393132316332316462323866626637
32623066323831636561306235623361356536323033656162396439346237376639396333336435
35343131633339306561323966666637666337636132333566303736343361653531663662336261
61663438663337626234306466616165373566393565343463306333316261613861356562646562
39613732653936353365383234393135656536363433653364663466343963633435376637323562
61666163373563306364663231633761396636613061613834613739636364396230333333653833
63653661333930396561656539386231376437633132623338313838383833613638656436316439
31306135643732356165323137366365383962303561643163353239326538303731386165366537
36326565343139313462303838306534323632386365346463316666313662663964643566353435
63303632333164653937316565393339353163396133383132343432343634343530343363396635
34663137623930393864376334323436653733613864616566393863313537366135303164323438
30343563323431363463386333653130613331663730623530353932333764626137613039306564
30616135616463373366393433656466623661316261666231326164393532626335333361653639
38333439343933303439353839636162323130643331336666343739396636356630666365396465
37373739373534643930343434303930316432666263626530623330636439333531333037663835
62393936343063303361666638636237346363653337346135316262393439666266326330613631
63336361656434393966346532626265313761343861373361316636326533333435313365646338
6134626230396431386336346637316562393864323733363032
